[
    [
        0, 10, 4, 2, 13, 8, 9, 1, 8, 18, 19,
        12, 11, 8, 11, 11, 11, 2, 2, 21, 12, 2,
        7, 1, 12, 18, 25, 21, 1, 25, 8, 19, 23,
        14, 15, 19, 9, 9, 10, 19, 19, 21, 9, 10,
        10, 17, 17, 17, 6, 19
    ],
    [
        10, 0, 4, 11, 11, 8, 5, 15, 1, 18, 12,
        22, 22, 8, 22, 23, 20, 19, 13, 3, 6, 12,
        14, 15, 5, 14, 10, 9, 22, 20, 22, 18, 3,
        7, 16, 24, 18, 21, 15, 6, 14, 8, 3, 12,
        23, 8, 8, 4, 21, 2
    ],
    [
        4, 4, 0, 24, 6, 6, 16, 12, 22, 20, 19,
        14, 10, 20, 25, 19, 10, 15, 8, 4, 21, 5,
        6, 25, 1, 4, 23, 13, 15, 12, 24, 14, 6,
        3, 22, 10, 12, 4, 16, 22, 8, 16, 1, 21,
        18, 1, 20, 23, 25, 19
    ],
    [
        2, 11, 24, 0, 25, 1, 1, 10, 6, 6, 5,
        10, 14, 16, 5, 7, 16, 13, 6, 23, 1, 12,
        9, 16, 14, 22, 21, 15, 13, 13, 5, 20, 1,
        9, 17, 5, 23, 15, 20, 18, 8, 8, 24, 14,
        5, 12, 23, 1, 20, 3
    ],
    [
        13, 11, 6, 25, 0, 24, 21, 24, 1, 16, 22,
        20, 9, 5, 21, 9, 8, 16, 3, 11, 14, 18,
        21, 19, 7, 25, 6, 11, 21, 2, 4, 9, 6,
        18, 19, 23, 7, 20, 6, 9, 24, 20, 24, 10,
        23, 20, 24, 15, 8, 14
    ],
    [
        8, 8, 6, 1, 24, 0, 14, 20, 17, 8, 2,
        7, 24, 4, 7, 20, 11, 12, 4, 9, 12, 4,
        7, 15, 7, 18, 7, 8, 10, 10, 22, 17, 24,
        6, 23, 9, 25, 24, 9, 8, 23, 11, 12, 14,
        13, 15, 1, 9, 11, 13
    ],
    [
        9, 5, 16, 1, 21, 14, 0, 24, 18, 23, 8,
        21, 3, 19, 12, 14, 11, 8, 14, 4, 25, 3,
        4, 25, 24, 17, 4, 20, 13, 20, 8, 6, 17,
        14, 6, 15, 16, 20, 6, 3, 15, 8, 14, 8,
        8, 7, 10, 12, 4, 14
    ],
    [
        1, 15, 12, 10, 24, 20, 24, 0, 8, 12, 16,
        18, 17, 11, 5, 18, 13, 20, 5, 24, 9, 25,
        17, 3, 18, 17, 25, 13, 5, 16, 25, 22, 17,
        9, 18, 11, 5, 3, 3, 19, 17, 3, 5, 15,
        21, 6, 3, 12, 1, 3
    ],
    [
        8, 1, 22, 6, 1, 17, 18, 8, 0, 16, 24,
        15, 18, 18, 24, 5, 17, 18, 13, 16, 2, 5,
        7, 24, 12, 15, 1, 10, 17, 16, 6, 19, 20,
        17, 8, 22, 9, 12, 7, 2, 5, 25, 19, 5,
        7, 21, 4, 24, 25, 18
    ],
    [
        18, 18, 20, 6, 16, 8, 23, 12, 16, 0, 12,
        6, 4, 6, 8, 6, 9, 23, 10, 17, 14, 14,
        12, 15, 20, 19, 15, 4, 25, 14, 15, 4, 7,
        8, 5, 25, 22, 13, 18, 25, 5, 20, 11, 22,
        14, 14, 19, 20, 3, 7
    ],
    [
        19, 12, 19, 5, 22, 2, 8, 16, 24, 12, 0,
        23, 10, 19, 19, 21, 25, 10, 24, 18, 25, 19,
        17, 10, 8, 21, 10, 22, 19, 15, 24, 19, 3,
        21, 4, 7, 16, 4, 25, 3, 16, 14, 12, 24,
        25, 2, 6, 15, 4, 10
    ],
    [
        12, 22, 14, 10, 20, 7, 21, 18, 15, 6, 23,
        0, 6, 10, 3, 5, 23, 4, 11, 2, 7, 12,
        5, 21, 19, 10, 16, 7, 2, 1, 16, 13, 12,
        5, 19, 2, 24, 12, 20, 9, 18, 7, 20, 21,
        19, 14, 23, 2, 4, 12
    ],
    [
        11, 22, 10, 14, 9, 24, 3, 17, 18, 4, 10,
        6, 0, 15, 15, 2, 19, 14, 17, 8, 15, 6,
        9, 13, 14, 5, 9, 15, 12, 13, 19, 13, 12,
        12, 16, 4, 18, 13, 22, 18, 14, 12, 24, 11,
        4, 22, 15, 20, 24, 17
    ],
    [
        8, 8, 20, 16, 5, 4, 19, 11, 18, 6, 19,
        10, 15, 0, 20, 12, 2, 11, 23, 7, 12, 9,
        20, 11, 25, 25, 7, 4, 14, 25, 10, 20, 8,
        7, 19, 9, 7, 13, 25, 12, 11, 2, 25, 4,
        12, 24, 24, 11, 8, 7
    ],
    [
        11, 22, 25, 5, 21, 7, 12, 5, 24, 8, 19,
        3, 15, 20, 0, 16, 4, 9, 23, 22, 20, 19,
        23, 24, 1, 20, 24, 24, 9, 15, 4, 25, 25,
        16, 7, 22, 14, 6, 21, 23, 13, 22, 21, 13,
        16, 7, 16, 20, 2, 6
    ],
    [
        11, 23, 19, 7, 9, 20, 14, 18, 5, 6, 21,
        5, 2, 12, 16, 0, 8, 8, 12, 25, 8, 11,
        12, 4, 18, 6, 18, 8, 10, 3, 19, 4, 1,
        24, 23, 18, 25, 5, 8, 14, 16, 20, 19, 25,
        10, 24, 11, 3, 11, 2
    ],
    [
        11, 20, 10, 16, 8, 11, 11, 13, 17, 9, 25,
        23, 19, 2, 4, 8, 0, 2, 11, 6, 12, 21,
        17, 4, 1, 21, 15, 12, 5, 11, 19, 5, 20,
        22, 10, 19, 12, 2, 9, 9, 2, 14, 12, 25,
        15, 17, 8, 15, 2, 8
    ],
    [
        2, 19, 15, 13, 16, 12, 8, 20, 18, 23, 10,
        4, 14, 11, 9, 8, 2, 0, 3, 21, 4, 17,
        11, 3, 10, 2, 9, 7, 5, 1, 19, 8, 18,
        4, 4, 16, 6, 19, 15, 24, 14, 1, 25, 19,
        23, 16, 1, 11, 4, 10
    ],
    [
        2, 13, 8, 6, 3, 4, 14, 5, 13, 10, 24,
        11, 17, 23, 23, 12, 11, 3, 0, 12, 23, 6,
        4, 11, 4, 17, 18, 13, 5, 18, 19, 11, 13,
        10, 20, 20, 8, 14, 7, 14, 22, 8, 23, 17,
        1, 19, 8, 12, 12, 21
    ],
    [
        21, 3, 4, 23, 11, 9, 4, 24, 16, 17, 18,
        2, 8, 7, 22, 25, 6, 21, 12, 0, 19, 23,
        4, 13, 21, 3, 21, 1, 8, 18, 19, 15, 23,
        23, 24, 5, 10, 7, 24, 21, 21, 5, 13, 12,
        10, 23, 18, 17, 15, 13
    ],
    [
        12, 6, 21, 1, 14, 12, 25, 9, 2, 14, 25,
        7, 15, 12, 20, 8, 12, 4, 23, 19, 0, 17,
        14, 12, 5, 20, 21, 4, 1, 10, 25, 12, 15,
        20, 2, 18, 20, 7, 6, 6, 12, 8, 13, 19,
        14, 4, 6, 23, 10, 24
    ],
    [
        2, 12, 5, 12, 18, 4, 3, 25, 5, 14, 19,
        12, 6, 9, 19, 11, 21, 17, 6, 23, 17, 0,
        21, 23, 21, 7, 5, 19, 6, 24, 3, 19, 7,
        23, 24, 6, 9, 11, 25, 10, 7, 22, 6, 9,
        12, 25, 11, 22, 1, 8
    ],
    [
        7, 14, 6, 9, 21, 7, 4, 17, 7, 12, 17,
        5, 9, 20, 23, 12, 17, 11, 4, 4, 14, 21,
        0, 19, 4, 6, 22, 21, 6, 9, 24, 3, 24,
        8, 11, 5, 23, 17, 21, 7, 2, 23, 1, 22,
        9, 23, 18, 22, 23, 11
    ],
    [
        1, 15, 25, 16, 19, 15, 25, 3, 24, 15, 10,
        21, 13, 11, 24, 4, 4, 3, 11, 13, 12, 23,
        19, 0, 23, 10, 7, 23, 15, 19, 23, 6, 5,
        3, 23, 16, 15, 25, 1, 3, 12, 25, 19, 5,
        8, 11, 20, 13, 2, 8
    ],
    [
        12, 5, 1, 14, 7, 7, 24, 18, 12, 20, 8,
        19, 14, 25, 1, 18, 1, 10, 4, 21, 5, 21,
        4, 23, 0, 8, 3, 11, 15, 14, 20, 10, 21,
        10, 11, 7, 21, 6, 12, 11, 5, 8, 5, 15,
        24, 18, 12, 16, 14, 22
    ],
    [
        18, 14, 4, 22, 25, 18, 17, 17, 15, 19, 21,
        10, 5, 25, 20, 6, 21, 2, 17, 3, 20, 7,
        6, 10, 8, 0, 5, 14, 6, 17, 3, 2, 24,
        16, 25, 17, 24, 8, 15, 19, 6, 11, 17, 15,
        7, 22, 14, 13, 2, 3
    ],
    [
        25, 10, 23, 21, 6, 7, 4, 25, 1, 15, 10,
        16, 9, 7, 24, 18, 15, 9, 18, 21, 21, 5,
        22, 7, 3, 5, 0, 19, 1, 3, 23, 19, 1,
        19, 1, 7, 7, 22, 14, 13, 3, 19, 8, 9,
        21, 25, 5, 13, 2, 10
    ],
    [
        21, 9, 13, 15, 11, 8, 20, 13, 10, 4, 22,
        7, 15, 4, 24, 8, 12, 7, 13, 1, 4, 19,
        21, 23, 11, 14, 19, 0, 25, 13, 18, 9, 23,
        25, 3, 8, 13, 19, 22, 15, 23, 7, 2, 11,
        25, 6, 24, 17, 21, 25
    ],
    [
        1, 22, 15, 13, 21, 10, 13, 5, 17, 25, 19,
        2, 12, 14, 9, 10, 5, 5, 5, 8, 1, 6,
        6, 15, 15, 6, 1, 25, 0, 12, 7, 3, 10,
        4, 12, 9, 21, 12, 1, 17, 7, 3, 24, 24,
        7, 17, 25, 9, 6, 1
    ],
    [
        25, 20, 12, 13, 2, 10, 20, 16, 16, 14, 15,
        1, 13, 25, 15, 3, 11, 1, 18, 18, 10, 24,
        9, 19, 14, 17, 3, 13, 12, 0, 10, 8, 24,
        22, 16, 9, 16, 11, 13, 12, 9, 3, 22, 4,
        9, 25, 17, 20, 8, 8
    ],
    [
        8, 22, 24, 5, 4, 22, 8, 25, 6, 15, 24,
        16, 19, 10, 4, 19, 19, 19, 19, 19, 25, 3,
        24, 23, 20, 3, 23, 18, 7, 10, 0, 8, 1,
        20, 25, 1, 22, 25, 3, 21, 14, 23, 7, 25,
        17, 1, 7, 2, 10, 14
    ],
    [
        19, 18, 14, 20, 9, 17, 6, 22, 19, 4, 19,
        13, 13, 20, 25, 4, 5, 8, 11, 15, 12, 19,
        3, 6, 10, 2, 19, 9, 3, 8, 8, 0, 1,
        16, 17, 23, 7, 18, 24, 17, 21, 17, 18, 14,
        19, 24, 8, 3, 25, 3
    ],
    [
        23, 3, 6, 1, 6, 24, 17, 17, 20, 7, 3,
        12, 12, 8, 25, 1, 20, 18, 13, 23, 15, 7,
        24, 5, 21, 24, 1, 23, 10, 24, 1, 1, 0,
        13, 6, 23, 12, 2, 22, 17, 16, 6, 16, 12,
        22, 10, 8, 2, 24, 14
    ],
    [
        14, 7, 3, 9, 18, 6, 14, 9, 17, 8, 21,
        5, 12, 7, 16, 24, 22, 4, 10, 23, 20, 23,
        8, 3, 10, 16, 19, 25, 4, 22, 20, 16, 13,
        0, 7, 19, 19, 16, 6, 10, 9, 14, 11, 21,
        16, 4, 10, 14, 16, 17
    ],
    [
        15, 16, 22, 17, 19, 23, 6, 18, 8, 5, 4,
        19, 16, 19, 7, 23, 10, 4, 20, 24, 2, 24,
        11, 23, 11, 25, 1, 3, 12, 16, 25, 17, 6,
        7, 0, 24, 24, 25, 20, 15, 22, 1, 2, 1,
        25, 12, 8, 23, 14, 12
    ],
    [
        19, 24, 10, 5, 23, 9, 15, 11, 22, 25, 7,
        2, 4, 9, 22, 18, 19, 16, 20, 5, 18, 6,
        5, 16, 7, 17, 7, 8, 9, 9, 1, 23, 23,
        19, 24, 0, 17, 2, 24, 21, 6, 21, 25, 5,
        11, 14, 7, 25, 4, 3
    ],
    [
        9, 18, 12, 23, 7, 25, 16, 5, 9, 22, 16,
        24, 18, 7, 14, 25, 12, 6, 8, 10, 20, 9,
        23, 15, 21, 24, 7, 13, 21, 16, 22, 7, 12,
        19, 24, 17, 0, 11, 24, 22, 1, 24, 2, 6,
        8, 19, 14, 2, 17, 5
    ],
    [
        9, 21, 4, 15, 20, 24, 20, 3, 12, 13, 4,
        12, 13, 13, 6, 5, 2, 19, 14, 7, 7, 11,
        17, 25, 6, 8, 22, 19, 12, 11, 25, 18, 2,
        16, 25, 2, 11, 0, 8, 10, 20, 15, 12, 6,
        17, 2, 8, 21, 14, 8
    ],
    [
        10, 15, 16, 20, 6, 9, 6, 3, 7, 18, 25,
        20, 22, 25, 21, 8, 9, 15, 7, 24, 6, 25,
        21, 1, 12, 15, 14, 22, 1, 13, 3, 24, 22,
        6, 20, 24, 24, 8, 0, 10, 7, 4, 23, 16,
        3, 3, 18, 19, 20, 12
    ],
    [
        19, 6, 22, 18, 9, 8, 3, 19, 2, 25, 3,
        9, 18, 12, 23, 14, 9, 24, 14, 21, 6, 10,
        7, 3, 11, 19, 13, 15, 17, 12, 21, 17, 17,
        10, 15, 21, 22, 10, 10, 0, 7, 15, 24, 9,
        20, 16, 22, 21, 9, 6
    ],
    [
        19, 14, 8, 8, 24, 23, 15, 17, 5, 5, 16,
        18, 14, 11, 13, 16, 2, 14, 22, 21, 12, 7,
        2, 12, 5, 6, 3, 23, 7, 9, 14, 21, 16,
        9, 22, 6, 1, 20, 7, 7, 0, 9, 6, 15,
        11, 13, 10, 1, 20, 22
    ],
    [
        21, 8, 16, 8, 20, 11, 8, 3, 25, 20, 14,
        7, 12, 2, 22, 20, 14, 1, 8, 5, 8, 22,
        23, 25, 8, 11, 19, 7, 3, 3, 23, 17, 6,
        14, 1, 21, 24, 15, 4, 15, 9, 0, 18, 7,
        6, 18, 16, 21, 11, 6
    ],
    [
        9, 3, 1, 24, 24, 12, 14, 5, 19, 11, 12,
        20, 24, 25, 21, 19, 12, 25, 23, 13, 13, 6,
        1, 19, 5, 17, 8, 2, 24, 22, 7, 18, 16,
        11, 2, 25, 2, 12, 23, 24, 6, 18, 0, 21,
        19, 14, 25, 18, 8, 20
    ],
    [
        10, 12, 21, 14, 10, 14, 8, 15, 5, 22, 24,
        21, 11, 4, 13, 25, 25, 19, 17, 12, 19, 9,
        22, 5, 15, 15, 9, 11, 24, 4, 25, 14, 12,
        21, 1, 5, 6, 6, 16, 9, 15, 7, 21, 0,
        2, 4, 18, 21, 22, 18
    ],
    [
        10, 23, 18, 5, 23, 13, 8, 21, 7, 14, 25,
        19, 4, 12, 16, 10, 15, 23, 1, 10, 14, 12,
        9, 8, 24, 7, 21, 25, 7, 9, 17, 19, 22,
        16, 25, 11, 8, 17, 3, 20, 11, 6, 19, 2,
        0, 1, 14, 18, 23, 1
    ],
    [
        17, 8, 1, 12, 20, 15, 7, 6, 21, 14, 2,
        14, 22, 24, 7, 24, 17, 16, 19, 23, 4, 25,
        23, 11, 18, 22, 25, 6, 17, 25, 1, 24, 10,
        4, 12, 14, 19, 2, 3, 16, 13, 18, 14, 4,
        1, 0, 20, 15, 17, 25
    ],
    [
        17, 8, 20, 23, 24, 1, 10, 3, 4, 19, 6,
        23, 15, 24, 16, 11, 8, 1, 8, 18, 6, 11,
        18, 20, 12, 14, 5, 24, 25, 17, 7, 8, 8,
        10, 8, 7, 14, 8, 18, 22, 10, 16, 25, 18,
        14, 20, 0, 20, 2, 16
    ],
    [
        17, 4, 23, 1, 15, 9, 12, 12, 24, 20, 15,
        2, 20, 11, 20, 3, 15, 11, 12, 17, 23, 22,
        22, 13, 16, 13, 13, 17, 9, 20, 2, 3, 2,
        14, 23, 25, 2, 21, 19, 21, 1, 21, 18, 21,
        18, 15, 20, 0, 23, 17
    ],
    [
        6, 21, 25, 20, 8, 11, 4, 1, 25, 3, 4,
        4, 24, 8, 2, 11, 2, 4, 12, 15, 10, 1,
        23, 2, 14, 2, 2, 21, 6, 8, 10, 25, 24,
        16, 14, 4, 17, 14, 20, 9, 20, 11, 8, 22,
        23, 17, 2, 23, 0, 11
    ],
    [
        19, 2, 19, 3, 14, 13, 14, 3, 18, 7, 10,
        12, 17, 7, 6, 2, 8, 10, 21, 13, 24, 8,
        11, 8, 22, 3, 10, 25, 1, 8, 14, 3, 14,
        17, 12, 3, 5, 8, 12, 6, 22, 6, 20, 18,
        1, 25, 16, 17, 11, 0
    ]
]