[
    [
        0, 3, 21, 20, 22, 13, 4, 15,
        1, 6, 9, 7, 23, 24, 14, 19,
        18, 15, 13, 20, 22, 25, 7, 25,
        11
    ],
    [
        3, 0, 4, 16, 11, 12, 22, 16,
        23, 10, 1, 21, 24, 3, 1, 14,
        1, 3, 22, 2, 5, 10, 16, 11,
        21
    ],
    [
        21, 4, 0, 25, 14, 7, 13, 23,
        3, 2, 9, 9, 1, 8, 2, 15,
        23, 17, 23, 14, 16, 13, 9, 10,
        8
    ],
    [
        20, 16, 25, 0, 11, 21, 15, 18,
        25, 20, 8, 18, 10, 7, 4, 10,
        22, 5, 21, 15, 7, 20, 18, 1,
        14
    ],
    [
        22, 11, 14, 11, 0, 10, 6, 12,
        6, 15, 15, 13, 23, 14, 23, 10,
        6, 2, 22, 15, 14, 11, 16, 20,
        23
    ],
    [
        13, 12, 7, 21, 10, 0, 8, 12,
        10, 9, 2, 5, 23, 6, 20, 8,
        23, 14, 14, 9, 25, 20, 19, 11,
        17
    ],
    [
        4, 22, 13, 15, 6, 8, 0, 15,
        2, 15, 7, 16, 18, 11, 22, 24,
        19, 19, 4, 6, 4, 9, 3, 19,
        5
    ],
    [
        15, 16, 23, 18, 12, 12, 15, 0,
        4, 7, 5, 21, 16, 11, 7, 14,
        22, 3, 17, 2, 9, 4, 23, 5,
        11
    ],
    [
        1, 23, 3, 25, 6, 10, 2, 4,
        0, 25, 23, 12, 15, 19, 10, 18,
        5, 7, 23, 14, 3, 1, 10, 15,
        4
    ],
    [
        6, 10, 2, 20, 15, 9, 15, 7,
        25, 0, 1, 25, 20, 25, 4, 7,
        25, 25, 24, 24, 7, 1, 10, 15,
        13
    ],
    [
        9, 1, 9, 8, 15, 2, 7, 5,
        23, 1, 0, 23, 4, 9, 23, 10,
        6, 1, 9, 16, 12, 25, 23, 6,
        12
    ],
    [
        7, 21, 9, 18, 13, 5, 16, 21,
        12, 25, 23, 0, 16, 7, 23, 5,
        16, 1, 20, 14, 3, 5, 3, 21,
        16
    ],
    [
        23, 24, 1, 10, 23, 23, 18, 16,
        15, 20, 4, 16, 0, 25, 5, 25,
        4, 7, 2, 20, 14, 14, 21, 3,
        4
    ],
    [
        24, 3, 8, 7, 14, 6, 11, 11,
        19, 25, 9, 7, 25, 0, 2, 2,
        24, 13, 7, 5, 9, 7, 7, 7,
        13
    ],
    [
        14, 1, 2, 4, 23, 20, 22, 7,
        10, 4, 23, 23, 5, 2, 0, 16,
        22, 18, 9, 12, 4, 6, 17, 6,
        13
    ],
    [
        19, 14, 15, 10, 10, 8, 24, 14,
        18, 7, 10, 5, 25, 2, 16, 0,
        9, 1, 15, 24, 13, 1, 5, 13,
        23
    ],
    [
        18, 1, 23, 22, 6, 23, 19, 22,
        5, 25, 6, 16, 4, 24, 22, 9,
        0, 24, 5, 24, 9, 17, 1, 18,
        15
    ],
    [
        15, 3, 17, 5, 2, 14, 19, 3,
        7, 25, 1, 1, 7, 13, 18, 1,
        24, 0, 20, 21, 4, 18, 8, 5,
        6
    ],
    [
        13, 22, 23, 21, 22, 14, 4, 17,
        23, 24, 9, 20, 2, 7, 9, 15,
        5, 20, 0, 23, 23, 11, 20, 18,
        4
    ],
    [
        20, 2, 14, 15, 15, 9, 6, 2,
        14, 24, 16, 14, 20, 5, 12, 24,
        24, 21, 23, 0, 20, 23, 14, 22,
        11
    ],
    [
        22, 5, 16, 7, 14, 25, 4, 9,
        3, 7, 12, 3, 14, 9, 4, 13,
        9, 4, 23, 20, 0, 8, 6, 15,
        10
    ],
    [
        25, 10, 13, 20, 11, 20, 9, 4,
        1, 1, 25, 5, 14, 7, 6, 1,
        17, 18, 11, 23, 8, 0, 9, 20,
        3
    ],
    [
        7, 16, 9, 18, 16, 19, 3, 23,
        10, 10, 23, 3, 21, 7, 17, 5,
        1, 8, 20, 14, 6, 9, 0, 8,
        25
    ],
    [
        25, 11, 10, 1, 20, 11, 19, 5,
        15, 15, 6, 21, 3, 7, 6, 13,
        18, 5, 18, 22, 15, 20, 8, 0,
        15
    ],
    [
        11, 21, 8, 14, 23, 17, 5, 11,
        4, 13, 12, 16, 4, 13, 13, 23,
        15, 6, 4, 11, 10, 3, 25, 15,
        0
    ]
]